11
20
-10000 -10000
-10000 -9000
-10000 -8000
-10000 -7000
-10000 -6000
-10000 -5000
-10000 -4000
-10000 -3000
-10000 -2000
-10000 -1000
-10000 0
-10000 1000
-10000 2000
-10000 3000
-10000 4000
-10000 5000
-10000 6000
-10000 7000
-10000 8000
-10000 9000
20
-10000 -10000
-10000 -9000
-10000 -8000
-10000 -7000
-10000 -6000
-10000 -5000
-10000 -4000
-10000 -3000
-10000 -2000
-10000 -1000
-9999 -10000
-9999 -9000
-9999 -8000
-9999 -7000
-9999 -6000
-9999 -5000
-9999 -4000
-9999 -3000
-9999 -2000
-9999 -1000
1
1 1
2
897 77
798 77
5
13 999
18 99
15 99
16 505
20 999
5
13 999
17 99
15 99
16 505
19 999
2
0 1
0 0
2
1 0
0 0
800
1 0
2 1
3 2
4 3
5 4
6 5
7 6
8 7
9 8
10 9
11 10
12 11
13 12
14 13
15 14
16 15
17 16
18 17
19 18
20 19
21 20
22 21
23 22
24 23
25 24
26 25
27 26
28 27
29 28
30 29
31 30
32 31
33 32
34 33
35 34
36 35
37 36
38 37
39 38
40 39
41 40
42 41
43 42
44 43
45 44
46 45
47 46
48 47
49 48
50 49
51 50
52 51
53 52
54 53
55 54
56 55
57 56
58 57
59 58
60 59
61 60
62 61
63 62
64 63
65 64
66 65
67 66
68 67
69 68
70 69
71 70
72 71
73 72
74 73
75 74
76 75
77 76
78 77
79 78
80 79
81 80
82 81
83 82
84 83
85 84
86 85
87 86
88 87
89 88
90 89
91 90
92 91
93 92
94 93
95 94
96 95
97 96
98 97
99 98
100 99
101 100
102 101
103 102
104 103
105 104
106 105
107 106
108 107
109 108
110 109
111 110
112 111
113 112
114 113
115 114
116 115
117 116
118 117
119 118
120 119
121 120
122 121
123 122
124 123
125 124
126 125
127 126
128 127
129 128
130 129
131 130
132 131
133 132
134 133
135 134
136 135
137 136
138 137
139 138
140 139
141 140
142 141
143 142
144 143
145 144
146 145
147 146
148 147
149 148
150 149
151 150
152 151
153 152
154 153
155 154
156 155
157 156
158 157
159 158
160 159
161 160
162 161
163 162
164 163
165 164
166 165
167 166
168 167
169 168
170 169
171 170
172 171
173 172
174 173
175 174
176 175
177 176
178 177
179 178
180 179
181 180
182 181
183 182
184 183
185 184
186 185
187 186
188 187
189 188
190 189
191 190
192 191
193 192
194 193
195 194
196 195
197 196
198 197
199 198
200 199
0 -1
-1 -2
-2 -3
-3 -4
-4 -5
-5 -6
-6 -7
-7 -8
-8 -9
-9 -10
-10 -11
-11 -12
-12 -13
-13 -14
-14 -15
-15 -16
-16 -17
-17 -18
-18 -19
-19 -20
-20 -21
-21 -22
-22 -23
-23 -24
-24 -25
-25 -26
-26 -27
-27 -28
-28 -29
-29 -30
-30 -31
-31 -32
-32 -33
-33 -34
-34 -35
-35 -36
-36 -37
-37 -38
-38 -39
-39 -40
-40 -41
-41 -42
-42 -43
-43 -44
-44 -45
-45 -46
-46 -47
-47 -48
-48 -49
-49 -50
-50 -51
-51 -52
-52 -53
-53 -54
-54 -55
-55 -56
-56 -57
-57 -58
-58 -59
-59 -60
-60 -61
-61 -62
-62 -63
-63 -64
-64 -65
-65 -66
-66 -67
-67 -68
-68 -69
-69 -70
-70 -71
-71 -72
-72 -73
-73 -74
-74 -75
-75 -76
-76 -77
-77 -78
-78 -79
-79 -80
-80 -81
-81 -82
-82 -83
-83 -84
-84 -85
-85 -86
-86 -87
-87 -88
-88 -89
-89 -90
-90 -91
-91 -92
-92 -93
-93 -94
-94 -95
-95 -96
-96 -97
-97 -98
-98 -99
-99 -100
-100 -101
-101 -102
-102 -103
-103 -104
-104 -105
-105 -106
-106 -107
-107 -108
-108 -109
-109 -110
-110 -111
-111 -112
-112 -113
-113 -114
-114 -115
-115 -116
-116 -117
-117 -118
-118 -119
-119 -120
-120 -121
-121 -122
-122 -123
-123 -124
-124 -125
-125 -126
-126 -127
-127 -128
-128 -129
-129 -130
-130 -131
-131 -132
-132 -133
-133 -134
-134 -135
-135 -136
-136 -137
-137 -138
-138 -139
-139 -140
-140 -141
-141 -142
-142 -143
-143 -144
-144 -145
-145 -146
-146 -147
-147 -148
-148 -149
-149 -150
-150 -151
-151 -152
-152 -153
-153 -154
-154 -155
-155 -156
-156 -157
-157 -158
-158 -159
-159 -160
-160 -161
-161 -162
-162 -163
-163 -164
-164 -165
-165 -166
-166 -167
-167 -168
-168 -169
-169 -170
-170 -171
-171 -172
-172 -173
-173 -174
-174 -175
-175 -176
-176 -177
-177 -178
-178 -179
-179 -180
-180 -181
-181 -182
-182 -183
-183 -184
-184 -185
-185 -186
-186 -187
-187 -188
-188 -189
-189 -190
-190 -191
-191 -192
-192 -193
-193 -194
-194 -195
-195 -196
-196 -197
-197 -198
-198 -199
-199 -200
0 0
-1 1
-2 2
-3 3
-4 4
-5 5
-6 6
-7 7
-8 8
-9 9
-10 10
-11 11
-12 12
-13 13
-14 14
-15 15
-16 16
-17 17
-18 18
-19 19
-20 20
-21 21
-22 22
-23 23
-24 24
-25 25
-26 26
-27 27
-28 28
-29 29
-30 30
-31 31
-32 32
-33 33
-34 34
-35 35
-36 36
-37 37
-38 38
-39 39
-40 40
-41 41
-42 42
-43 43
-44 44
-45 45
-46 46
-47 47
-48 48
-49 49
-50 50
-51 51
-52 52
-53 53
-54 54
-55 55
-56 56
-57 57
-58 58
-59 59
-60 60
-61 61
-62 62
-63 63
-64 64
-65 65
-66 66
-67 67
-68 68
-69 69
-70 70
-71 71
-72 72
-73 73
-74 74
-75 75
-76 76
-77 77
-78 78
-79 79
-80 80
-81 81
-82 82
-83 83
-84 84
-85 85
-86 86
-87 87
-88 88
-89 89
-90 90
-91 91
-92 92
-93 93
-94 94
-95 95
-96 96
-97 97
-98 98
-99 99
-100 100
-101 101
-102 102
-103 103
-104 104
-105 105
-106 106
-107 107
-108 108
-109 109
-110 110
-111 111
-112 112
-113 113
-114 114
-115 115
-116 116
-117 117
-118 118
-119 119
-120 120
-121 121
-122 122
-123 123
-124 124
-125 125
-126 126
-127 127
-128 128
-129 129
-130 130
-131 131
-132 132
-133 133
-134 134
-135 135
-136 136
-137 137
-138 138
-139 139
-140 140
-141 141
-142 142
-143 143
-144 144
-145 145
-146 146
-147 147
-148 148
-149 149
-150 150
-151 151
-152 152
-153 153
-154 154
-155 155
-156 156
-157 157
-158 158
-159 159
-160 160
-161 161
-162 162
-163 163
-164 164
-165 165
-166 166
-167 167
-168 168
-169 169
-170 170
-171 171
-172 172
-173 173
-174 174
-175 175
-176 176
-177 177
-178 178
-179 179
-180 180
-181 181
-182 182
-183 183
-184 184
-185 185
-186 186
-187 187
-188 188
-189 189
-190 190
-191 191
-192 192
-193 193
-194 194
-195 195
-196 196
-197 197
-198 198
-199 199
1 -1
2 -2
3 -3
4 -4
5 -5
6 -6
7 -7
8 -8
9 -9
10 -10
11 -11
12 -12
13 -13
14 -14
15 -15
16 -16
17 -17
18 -18
19 -19
20 -20
21 -21
22 -22
23 -23
24 -24
25 -25
26 -26
27 -27
28 -28
29 -29
30 -30
31 -31
32 -32
33 -33
34 -34
35 -35
36 -36
37 -37
38 -38
39 -39
40 -40
41 -41
42 -42
43 -43
44 -44
45 -45
46 -46
47 -47
48 -48
49 -49
50 -50
51 -51
52 -52
53 -53
54 -54
55 -55
56 -56
57 -57
58 -58
59 -59
60 -60
61 -61
62 -62
63 -63
64 -64
65 -65
66 -66
67 -67
68 -68
69 -69
70 -70
71 -71
72 -72
73 -73
74 -74
75 -75
76 -76
77 -77
78 -78
79 -79
80 -80
81 -81
82 -82
83 -83
84 -84
85 -85
86 -86
87 -87
88 -88
89 -89
90 -90
91 -91
92 -92
93 -93
94 -94
95 -95
96 -96
97 -97
98 -98
99 -99
100 -100
101 -101
102 -102
103 -103
104 -104
105 -105
106 -106
107 -107
108 -108
109 -109
110 -110
111 -111
112 -112
113 -113
114 -114
115 -115
116 -116
117 -117
118 -118
119 -119
120 -120
121 -121
122 -122
123 -123
124 -124
125 -125
126 -126
127 -127
128 -128
129 -129
130 -130
131 -131
132 -132
133 -133
134 -134
135 -135
136 -136
137 -137
138 -138
139 -139
140 -140
141 -141
142 -142
143 -143
144 -144
145 -145
146 -146
147 -147
148 -148
149 -149
150 -150
151 -151
152 -152
153 -153
154 -154
155 -155
156 -156
157 -157
158 -158
159 -159
160 -160
161 -161
162 -162
163 -163
164 -164
165 -165
166 -166
167 -167
168 -168
169 -169
170 -170
171 -171
172 -172
173 -173
174 -174
175 -175
176 -176
177 -177
178 -178
179 -179
180 -180
181 -181
182 -182
183 -183
184 -184
185 -185
186 -186
187 -187
188 -188
189 -189
190 -190
191 -191
192 -192
193 -193
194 -194
195 -195
196 -196
197 -197
198 -198
199 -199
200 -200
930
9 100
10 100
9 101
10 101
11 101
12 101
9 102
10 102
11 102
12 102
13 102
14 102
9 103
10 103
11 103
12 103
13 103
14 103
15 103
16 103
9 104
10 104
11 104
12 104
13 104
14 104
15 104
16 104
17 104
18 104
9 105
10 105
11 105
12 105
13 105
14 105
15 105
16 105
17 105
18 105
19 105
20 105
9 106
10 106
11 106
12 106
13 106
14 106
15 106
16 106
17 106
18 106
19 106
20 106
21 106
22 106
9 107
10 107
11 107
12 107
13 107
14 107
15 107
16 107
17 107
18 107
19 107
20 107
21 107
22 107
23 107
24 107
9 108
10 108
11 108
12 108
13 108
14 108
15 108
16 108
17 108
18 108
19 108
20 108
21 108
22 108
23 108
24 108
25 108
26 108
9 109
10 109
11 109
12 109
13 109
14 109
15 109
16 109
17 109
18 109
19 109
20 109
21 109
22 109
23 109
24 109
25 109
26 109
27 109
28 109
9 110
10 110
11 110
12 110
13 110
14 110
15 110
16 110
17 110
18 110
19 110
20 110
21 110
22 110
23 110
24 110
25 110
26 110
27 110
28 110
29 110
30 110
9 111
10 111
11 111
12 111
13 111
14 111
15 111
16 111
17 111
18 111
19 111
20 111
21 111
22 111
23 111
24 111
25 111
26 111
27 111
28 111
29 111
30 111
31 111
32 111
9 112
10 112
11 112
12 112
13 112
14 112
15 112
16 112
17 112
18 112
19 112
20 112
21 112
22 112
23 112
24 112
25 112
26 112
27 112
28 112
29 112
30 112
31 112
32 112
33 112
34 112
9 113
10 113
11 113
12 113
13 113
14 113
15 113
16 113
17 113
18 113
19 113
20 113
21 113
22 113
23 113
24 113
25 113
26 113
27 113
28 113
29 113
30 113
31 113
32 113
33 113
34 113
35 113
36 113
9 114
10 114
11 114
12 114
13 114
14 114
15 114
16 114
17 114
18 114
19 114
20 114
21 114
22 114
23 114
24 114
25 114
26 114
27 114
28 114
29 114
30 114
31 114
32 114
33 114
34 114
35 114
36 114
37 114
38 114
9 115
10 115
11 115
12 115
13 115
14 115
15 115
16 115
17 115
18 115
19 115
20 115
21 115
22 115
23 115
24 115
25 115
26 115
27 115
28 115
29 115
30 115
31 115
32 115
33 115
34 115
35 115
36 115
37 115
38 115
39 115
40 115
9 116
10 116
11 116
12 116
13 116
14 116
15 116
16 116
17 116
18 116
19 116
20 116
21 116
22 116
23 116
24 116
25 116
26 116
27 116
28 116
29 116
30 116
31 116
32 116
33 116
34 116
35 116
36 116
37 116
38 116
39 116
40 116
41 116
42 116
9 117
10 117
11 117
12 117
13 117
14 117
15 117
16 117
17 117
18 117
19 117
20 117
21 117
22 117
23 117
24 117
25 117
26 117
27 117
28 117
29 117
30 117
31 117
32 117
33 117
34 117
35 117
36 117
37 117
38 117
39 117
40 117
41 117
42 117
43 117
44 117
9 118
10 118
11 118
12 118
13 118
14 118
15 118
16 118
17 118
18 118
19 118
20 118
21 118
22 118
23 118
24 118
25 118
26 118
27 118
28 118
29 118
30 118
31 118
32 118
33 118
34 118
35 118
36 118
37 118
38 118
39 118
40 118
41 118
42 118
43 118
44 118
45 118
46 118
9 119
10 119
11 119
12 119
13 119
14 119
15 119
16 119
17 119
18 119
19 119
20 119
21 119
22 119
23 119
24 119
25 119
26 119
27 119
28 119
29 119
30 119
31 119
32 119
33 119
34 119
35 119
36 119
37 119
38 119
39 119
40 119
41 119
42 119
43 119
44 119
45 119
46 119
47 119
48 119
9 120
10 120
11 120
12 120
13 120
14 120
15 120
16 120
17 120
18 120
19 120
20 120
21 120
22 120
23 120
24 120
25 120
26 120
27 120
28 120
29 120
30 120
31 120
32 120
33 120
34 120
35 120
36 120
37 120
38 120
39 120
40 120
41 120
42 120
43 120
44 120
45 120
46 120
47 120
48 120
49 120
50 120
9 121
10 121
11 121
12 121
13 121
14 121
15 121
16 121
17 121
18 121
19 121
20 121
21 121
22 121
23 121
24 121
25 121
26 121
27 121
28 121
29 121
30 121
31 121
32 121
33 121
34 121
35 121
36 121
37 121
38 121
39 121
40 121
41 121
42 121
43 121
44 121
45 121
46 121
47 121
48 121
49 121
50 121
51 121
52 121
9 122
10 122
11 122
12 122
13 122
14 122
15 122
16 122
17 122
18 122
19 122
20 122
21 122
22 122
23 122
24 122
25 122
26 122
27 122
28 122
29 122
30 122
31 122
32 122
33 122
34 122
35 122
36 122
37 122
38 122
39 122
40 122
41 122
42 122
43 122
44 122
45 122
46 122
47 122
48 122
49 122
50 122
51 122
52 122
53 122
54 122
9 123
10 123
11 123
12 123
13 123
14 123
15 123
16 123
17 123
18 123
19 123
20 123
21 123
22 123
23 123
24 123
25 123
26 123
27 123
28 123
29 123
30 123
31 123
32 123
33 123
34 123
35 123
36 123
37 123
38 123
39 123
40 123
41 123
42 123
43 123
44 123
45 123
46 123
47 123
48 123
49 123
50 123
51 123
52 123
53 123
54 123
55 123
56 123
9 124
10 124
11 124
12 124
13 124
14 124
15 124
16 124
17 124
18 124
19 124
20 124
21 124
22 124
23 124
24 124
25 124
26 124
27 124
28 124
29 124
30 124
31 124
32 124
33 124
34 124
35 124
36 124
37 124
38 124
39 124
40 124
41 124
42 124
43 124
44 124
45 124
46 124
47 124
48 124
49 124
50 124
51 124
52 124
53 124
54 124
55 124
56 124
57 124
58 124
9 125
10 125
11 125
12 125
13 125
14 125
15 125
16 125
17 125
18 125
19 125
20 125
21 125
22 125
23 125
24 125
25 125
26 125
27 125
28 125
29 125
30 125
31 125
32 125
33 125
34 125
35 125
36 125
37 125
38 125
39 125
40 125
41 125
42 125
43 125
44 125
45 125
46 125
47 125
48 125
49 125
50 125
51 125
52 125
53 125
54 125
55 125
56 125
57 125
58 125
59 125
60 125
9 126
10 126
11 126
12 126
13 126
14 126
15 126
16 126
17 126
18 126
19 126
20 126
21 126
22 126
23 126
24 126
25 126
26 126
27 126
28 126
29 126
30 126
31 126
32 126
33 126
34 126
35 126
36 126
37 126
38 126
39 126
40 126
41 126
42 126
43 126
44 126
45 126
46 126
47 126
48 126
49 126
50 126
51 126
52 126
53 126
54 126
55 126
56 126
57 126
58 126
59 126
60 126
61 126
62 126
9 127
10 127
11 127
12 127
13 127
14 127
15 127
16 127
17 127
18 127
19 127
20 127
21 127
22 127
23 127
24 127
25 127
26 127
27 127
28 127
29 127
30 127
31 127
32 127
33 127
34 127
35 127
36 127
37 127
38 127
39 127
40 127
41 127
42 127
43 127
44 127
45 127
46 127
47 127
48 127
49 127
50 127
51 127
52 127
53 127
54 127
55 127
56 127
57 127
58 127
59 127
60 127
61 127
62 127
63 127
64 127
9 128
10 128
11 128
12 128
13 128
14 128
15 128
16 128
17 128
18 128
19 128
20 128
21 128
22 128
23 128
24 128
25 128
26 128
27 128
28 128
29 128
30 128
31 128
32 128
33 128
34 128
35 128
36 128
37 128
38 128
39 128
40 128
41 128
42 128
43 128
44 128
45 128
46 128
47 128
48 128
49 128
50 128
51 128
52 128
53 128
54 128
55 128
56 128
57 128
58 128
59 128
60 128
61 128
62 128
63 128
64 128
65 128
66 128
9 129
10 129
11 129
12 129
13 129
14 129
15 129
16 129
17 129
18 129
19 129
20 129
21 129
22 129
23 129
24 129
25 129
26 129
27 129
28 129
29 129
30 129
31 129
32 129
33 129
34 129
35 129
36 129
37 129
38 129
39 129
40 129
41 129
42 129
43 129
44 129
45 129
46 129
47 129
48 129
49 129
50 129
51 129
52 129
53 129
54 129
55 129
56 129
57 129
58 129
59 129
60 129
61 129
62 129
63 129
64 129
65 129
66 129
67 129
68 129
20
-99 -98
-98 -96
-97 -94
-96 -92
-95 -90
-94 -88
-93 -86
-92 -84
-91 -82
-90 -80
-98 -98
-97 -96
-96 -94
-95 -92
-94 -90
-93 -88
-92 -86
-91 -84
-90 -82
-89 -80
